nm.dat auto written
1 2
1946  2024
3  15
1
0.4901  	0.3038  	0.226  	0.2  	0.2  	0.2  	0.2  	0.2  	0.2  	0.2  	0.2  	0.2  	0.2
0.5438  	0.3246  	0.2309  	0.2  	0.2  	0.2  	0.2  	0.2  	0.2  	0.2  	0.2  	0.2  	0.2
0.4928  	0.3048  	0.2263  	0.2  	0.2  	0.2  	0.2  	0.2  	0.2  	0.2  	0.2  	0.2  	0.2
0.4338  	0.2819  	0.2209  	0.2  	0.2  	0.2  	0.2  	0.2  	0.2  	0.2  	0.2  	0.2  	0.2
0.3164  	0.2364  	0.2103  	0.2  	0.2  	0.2  	0.2  	0.2  	0.2  	0.2  	0.2  	0.2  	0.2
0.7235  	0.3943  	0.2471  	0.2  	0.2  	0.2  	0.2  	0.2  	0.2  	0.2  	0.2  	0.2  	0.2
0.7148  	0.3909  	0.2463  	0.2  	0.2  	0.2  	0.2  	0.2  	0.2  	0.2  	0.2  	0.2  	0.2
0.5367  	0.3219  	0.2302  	0.2  	0.2  	0.2  	0.2  	0.2  	0.2  	0.2  	0.2  	0.2  	0.2
0.3878  	0.264  	0.2168  	0.2  	0.2  	0.2  	0.2  	0.2  	0.2  	0.2  	0.2  	0.2  	0.2
0.4056  	0.271  	0.2184  	0.2  	0.2  	0.2  	0.2  	0.2  	0.2  	0.2  	0.2  	0.2  	0.2
0.5899  	0.3425  	0.235  	0.2  	0.2  	0.2  	0.2  	0.2  	0.2  	0.2  	0.2  	0.2  	0.2
0.7252  	0.395  	0.2473  	0.2  	0.2  	0.2  	0.2  	0.2  	0.2  	0.2  	0.2  	0.2  	0.2
0.5616  	0.3315  	0.2325  	0.2  	0.2  	0.2  	0.2  	0.2  	0.2  	0.2  	0.2  	0.2  	0.2
0.7131  	0.3903  	0.2462  	0.2  	0.2  	0.2  	0.2  	0.2  	0.2  	0.2  	0.2  	0.2  	0.2
0.7036  	0.3866  	0.2453  	0.2  	0.2  	0.2  	0.2  	0.2  	0.2  	0.2  	0.2  	0.2  	0.2
0.6094  	0.35  	0.2368  	0.2  	0.2  	0.2  	0.2  	0.2  	0.2  	0.2  	0.2  	0.2  	0.2
0.5201  	0.3154  	0.2287  	0.2  	0.2  	0.2  	0.2  	0.2  	0.2  	0.2  	0.2  	0.2  	0.2
0.7882  	0.4194  	0.253  	0.2  	0.2  	0.2  	0.2  	0.2  	0.2  	0.2  	0.2  	0.2  	0.2
0.6027  	0.3475  	0.2362  	0.2  	0.2  	0.2  	0.2  	0.2  	0.2  	0.2  	0.2  	0.2  	0.2
0.4164  	0.2752  	0.2194  	0.2  	0.2  	0.2  	0.2  	0.2  	0.2  	0.2  	0.2  	0.2  	0.2
0.3529  	0.2505  	0.2136  	0.2  	0.2  	0.2  	0.2  	0.2  	0.2  	0.2  	0.2  	0.2  	0.2
0.2707  	0.2186  	0.2062  	0.2  	0.2  	0.2  	0.2  	0.2  	0.2  	0.2  	0.2  	0.2  	0.2
0.2242  	0.2006  	0.202  	0.2  	0.2  	0.2  	0.2  	0.2  	0.2  	0.2  	0.2  	0.2  	0.2
0.206  	0.2  	0.2003  	0.2  	0.2  	0.2  	0.2  	0.2  	0.2  	0.2  	0.2  	0.2  	0.2
0.2927  	0.2272  	0.2082  	0.2  	0.2  	0.2  	0.2  	0.2  	0.2  	0.2  	0.2  	0.2  	0.2
0.2562  	0.213  	0.2049  	0.2  	0.2  	0.2  	0.2  	0.2  	0.2  	0.2  	0.2  	0.2  	0.2
0.3234  	0.2391  	0.211  	0.2  	0.2  	0.2  	0.2  	0.2  	0.2  	0.2  	0.2  	0.2  	0.2
0.2172  	0.2  	0.2014  	0.2  	0.2  	0.2  	0.2  	0.2  	0.2  	0.2  	0.2  	0.2  	0.2
0.2168  	0.2  	0.2013  	0.2  	0.2  	0.2  	0.2  	0.2  	0.2  	0.2  	0.2  	0.2  	0.2
0.2317  	0.2035  	0.2027  	0.2  	0.2  	0.2  	0.2  	0.2  	0.2  	0.2  	0.2  	0.2  	0.2
0.2238  	0.2004  	0.202  	0.2  	0.2  	0.2  	0.2  	0.2  	0.2  	0.2  	0.2  	0.2  	0.2
0.2487  	0.2101  	0.2042  	0.2  	0.2  	0.2  	0.2  	0.2  	0.2  	0.2  	0.2  	0.2  	0.2
0.2342  	0.2045  	0.2029  	0.2  	0.2  	0.2  	0.2  	0.2  	0.2  	0.2  	0.2  	0.2  	0.2
0.2081  	0.2  	0.2005  	0.2  	0.2  	0.2  	0.2  	0.2  	0.2  	0.2  	0.2  	0.2  	0.2
0.2  	0.2  	0.2  	0.2  	0.2  	0.2  	0.2  	0.2  	0.2  	0.2  	0.2  	0.2  	0.2
0.2  	0.2  	0.2  	0.2  	0.2  	0.2  	0.2  	0.2  	0.2  	0.2  	0.2  	0.2  	0.2
0.2  	0.2  	0.2  	0.2  	0.2  	0.2  	0.2  	0.2  	0.2  	0.2  	0.2  	0.2  	0.2
0.2031  	0.2  	0.2001  	0.2  	0.2  	0.2  	0.2  	0.2  	0.2  	0.2  	0.2  	0.2  	0.2
0.201053  	0.2  	0.2187066  	0.2095186  	0.2  	0.2  	0.2  	0.2  	0.2  	0.2  	0.2  	0.2  	0.2
0.2044572  	0.2234868  	0.2  	0.2002922  	0.2  	0.2  	0.2  	0.2  	0.2  	0.2  	0.2  	0.2  	0.2
0.2698755  	0.215125  	0.251135  	0.2314997  	0.2  	0.2  	0.2  	0.2  	0.2  	0.2  	0.2  	0.2  	0.2
0.2553974  	0.2353425  	0.2176573  	0.2707419  	0.2  	0.2  	0.2  	0.2  	0.2  	0.2  	0.2  	0.2  	0.2
0.2222836  	0.2105743  	0.2412173  	0.2  	0.2  	0.2  	0.2  	0.2  	0.2  	0.2  	0.2  	0.2  	0.2
0.2  	0.2295803  	0.2  	0.2324198  	0.2  	0.2  	0.2  	0.2  	0.2  	0.2  	0.2  	0.2  	0.2
0.2  	0.2  	0.2067919  	0.2  	0.2  	0.2  	0.2  	0.2  	0.2  	0.2  	0.2  	0.2  	0.2
0.2  	0.2  	0.2  	0.2079577  	0.2  	0.2  	0.2  	0.2  	0.2  	0.2  	0.2  	0.2  	0.2
0.2073064  	0.2  	0.2  	0.2033084  	0.2  	0.2  	0.2  	0.2  	0.2  	0.2  	0.2  	0.2  	0.2
0.2401944  	0.2  	0.2  	0.2  	0.2  	0.2  	0.2  	0.2  	0.2  	0.2  	0.2  	0.2  	0.2
0.3473711  	0.2602591  	0.2140506  	0.2199535  	0.2  	0.2  	0.2  	0.2  	0.2  	0.2  	0.2  	0.2  	0.2
0.5307161  	0.3141601  	0.2263901  	0.2022231  	0.2  	0.2  	0.2  	0.2  	0.2  	0.2  	0.2  	0.2  	0.2
0.5248671  	0.3273439  	0.2425777  	0.2179218  	0.2  	0.2  	0.2  	0.2  	0.2  	0.2  	0.2  	0.2  	0.2
0.421696  	0.2682618  	0.2398249  	0.2257858  	0.2  	0.2  	0.2  	0.2  	0.2  	0.2  	0.2  	0.2  	0.2
0.4282627  	0.2722739  	0.2169839  	0.2669875  	0.2  	0.2  	0.2  	0.2  	0.2  	0.2  	0.2  	0.2  	0.2
0.2638869  	0.2324497  	0.2361764  	0.2226404  	0.2  	0.2  	0.2  	0.2  	0.2  	0.2  	0.2  	0.2  	0.2
0.2480372  	0.2114765  	0.2419969  	0.2251606  	0.2  	0.2  	0.2  	0.2  	0.2  	0.2  	0.2  	0.2  	0.2
0.2360208  	0.2194129  	0.2  	0.2309874  	0.2  	0.2  	0.2  	0.2  	0.2  	0.2  	0.2  	0.2  	0.2
0.2780335  	0.211479  	0.2  	0.2239259  	0.2  	0.2  	0.2  	0.2  	0.2  	0.2  	0.2  	0.2  	0.2
0.2386616  	0.2  	0.2  	0.2120917  	0.2  	0.2  	0.2  	0.2  	0.2  	0.2  	0.2  	0.2  	0.2
0.2496722  	0.2152273  	0.2  	0.2  	0.2  	0.2  	0.2  	0.2  	0.2  	0.2  	0.2  	0.2  	0.2
0.2970783  	0.2119619  	0.2151755  	0.2  	0.2  	0.2  	0.2  	0.2  	0.2  	0.2  	0.2  	0.2  	0.2
0.2031423  	0.2280426  	0.2  	0.2082828  	0.2  	0.2  	0.2  	0.2  	0.2  	0.2  	0.2  	0.2  	0.2
0.2463235  	0.2  	0.2474996  	0.2  	0.2  	0.2  	0.2  	0.2  	0.2  	0.2  	0.2  	0.2  	0.2
0.2576088  	0.2135636  	0.2  	0.2334314  	0.2  	0.2  	0.2  	0.2  	0.2  	0.2  	0.2  	0.2  	0.2
0.2735268  	0.2089713  	0.2003283  	0.2  	0.2  	0.2  	0.2  	0.2  	0.2  	0.2  	0.2  	0.2  	0.2
0.2966622  	0.2341179  	0.2070135  	0.2008191  	0.2  	0.2  	0.2  	0.2  	0.2  	0.2  	0.2  	0.2  	0.2
0.4235662  	0.310103  	0.2  	0.2  	0.2  	0.2  	0.2  	0.2  	0.2  	0.2  	0.2  	0.2  	0.2
0.3780144  	0.2983036  	0.2  	0.2  	0.2  	0.2  	0.2  	0.2  	0.2  	0.2  	0.2  	0.2  	0.2
0.3919851  	0.2337243  	0.2044045  	0.2  	0.2  	0.2  	0.2  	0.2  	0.2  	0.2  	0.2  	0.2  	0.2
0.3687224  	0.2923092  	0.2122583  	0.2  	0.2  	0.2  	0.2  	0.2  	0.2  	0.2  	0.2  	0.2  	0.2
0.3549337  	0.2594257  	0.2333561  	0.2056605  	0.2  	0.2  	0.2  	0.2  	0.2  	0.2  	0.2  	0.2  	0.2
0.2159993  	0.2529558  	0.2613094  	0.2155762  	0.2  	0.2  	0.2  	0.2  	0.2  	0.2  	0.2  	0.2  	0.2
0.3895002  	0.217121  	0.2139817  	0.2  	0.2  	0.2  	0.2  	0.2  	0.2  	0.2  	0.2  	0.2  	0.2
0.2676945  	0.2115623  	0.2  	0.2180063  	0.2  	0.2  	0.2  	0.2  	0.2  	0.2  	0.2  	0.2  	0.2
0.2928059  	0.2106059  	0.2124531  	0.2  	0.2  	0.2  	0.2  	0.2  	0.2  	0.2  	0.2  	0.2  	0.2
0.440446  	0.2288546  	0.2  	0.2096305  	0.2  	0.2  	0.2  	0.2  	0.2  	0.2  	0.2  	0.2  	0.2
0.4299996  	0.2664444  	0.2302821  	0.2  	0.2  	0.2  	0.2  	0.2  	0.2  	0.2  	0.2  	0.2  	0.2
0.2647386  	0.222578  	0.2148762  	0.2  	0.2  	0.2  	0.2  	0.2  	0.2  	0.2  	0.2  	0.2  	0.2
0.3322046  	0.2019273  	0.2217764  	0.2  	0.2  	0.2  	0.2  	0.2  	0.2  	0.2  	0.2  	0.2  	0.2
0.3322046  	0.2019273  	0.2217764  	0.2  	0.2  	0.2  	0.2  	0.2  	0.2  	0.2  	0.2  	0.2  	0.2
