survey.dat auto written
104
RU-BTr-Q4
1991 2023
1 1 0.95 0.95
3 8
1  	62  	9  	3  	6  	18  	17
1  	346  	50  	4  	6  	9  	9
1  	1985  	356  	48  	8  	4  	4
1  	442  	1014  	116  	15  	1  	6
1  	31  	123  	370  	40  	5  	4
1  	28  	49  	362  	334  	29  	6
1  	32  	32  	10  	27  	10  	8
1  	38  	46  	8  	5  	15  	5
1  	196  	39  	37  	8  	3  	14
1  	60  	109  	26  	11  	2  	5
1  	334  	40  	65  	11  	4  	4
1  	399  	450  	47  	24  	4  	3
1  	221  	299  	231  	34  	16  	3
1  	113  	94  	107  	87  	5  	6
1  	240  	86  	48  	57  	24  	3
1  	113  	119  	57  	26  	24  	13
1  	838  	73  	137  	38  	14  	15
1  	2557  	1051  	124  	111  	17  	11
1  	1647  	1704  	631  	57  	32  	9
1  	299  	1697  	1589  	466  	34  	17
1  	47  	268  	1087  	783  	165  	13
1  	209  	49  	160  	720  	480  	70
1  	61  	175  	50  	104  	374  	272
1  	250  	46  	175  	56  	142  	416
1  	22  	199  	40  	74  	28  	171
1  	NA  	NA  	NA  	NA  	NA  	NA
1  	71  	99  	9  	38  	6  	27
1  	NA  	NA  	NA  	NA  	NA  	NA
1  	NA  	NA  	NA  	NA  	NA  	NA
1  	NA  	NA  	NA  	NA  	NA  	NA
1  	NA  	NA  	NA  	NA  	NA  	NA
1  	NA  	NA  	NA  	NA  	NA  	NA
1  	NA  	NA  	NA  	NA  	NA  	NA
BS-NoRU-Q1(Aco)
1994 2024
1 1 0.133 0.133
3 9
1  	348.73  	626.65  	121.38  	8.55  	0.7  	0.33  	2.71
1  	41.47  	121.49  	395.37  	47.61  	2.8  	0.05  	0.83
1  	29.97  	22.09  	68.65  	143.69  	5.67  	0.93  	0.07
1  	57.27  	22.22  	15.47  	56.13  	62.77  	4.68  	0.19
1  	33.78  	58.79  	24.2  	7.7  	14.06  	20.69  	1.62
1  	83.67  	21.64  	22.1  	6.17  	1.55  	3.88  	2.77
1  	36.39  	75.53  	14.01  	12.61  	1.57  	0.53  	3.02
1  	233.45  	40.2  	41.38  	2.2  	1.61  	0.15  	0.71
1  	255.2  	201.84  	18.47  	11.7  	1.59  	0.29  	0.56
1  	203.68  	184.57  	136.04  	12.26  	6.01  	0.26  	0.9
1  	151.01  	101.85  	107.82  	57.68  	7.61  	1.15  	0.55
1  	221.33  	115.67  	57.43  	56.71  	12.69  	0.38  	0.33
1  	56.32  	123.84  	47.37  	19.26  	13.64  	3.23  	0.35
1  	209.28  	46.14  	80.57  	28.92  	10  	5.05  	2.79
1  	812.41  	303.04  	90.02  	74.12  	7.41  	12.77  	2.11
1  	883.68  	629.98  	266.65  	38.87  	14.57  	1.26  	1.05
1  	128.07  	631.03  	603.99  	166.96  	12.07  	2.94  	2.11
1  	54.16  	84.23  	313.02  	292.21  	54.91  	1.71  	1.46
1  	191.63  	48.84  	88.12  	310.6  	172.52  	30.09  	1.01
1  	67.29  	146.77  	35.41  	53.03  	223.77  	102.68  	14.37
1  	334.82  	39.12  	108.72  	23.18  	34.77  	86.36  	38.82
1  	24.35  	189.4  	26.63  	46.13  	9.22  	22.45  	31.99
1  	71.81  	12.08  	59.62  	12.52  	17.28  	7.48  	33.24
1  	81.15  	65.05  	4.81  	34.81  	6.24  	7.93  	17.72
1  	171.03  	62.74  	64.4  	6.77  	15.57  	2.75  	14.69
1  	507.61  	146.22  	31.73  	21.88  	4.72  	3.46  	4.19
1  	286.32  	306.38  	79.18  	22.38  	11.59  	1.84  	6.33
1  	50.76  	130.37  	181.8  	19.35  	5.44  	0.94  	1.77
1  	11.35  	63.4  	95.3  	101.24  	11.79  	0.82  	1.08
1  	76.99  	9.02  	51.28  	53.25  	38.07  	2.69  	0.49
1  	337.4  	44  	3.7  	14.9  	12.5  	7.8  	0.33
BS-NoRu-Q1(BTr)
1994 2024
1 1 0.133 0.133
3 10
1  	314.533  	436.251  	46.176  	3.54  	0.163  	0.13  	0.2  	0.651
1  	54.857  	167.104  	343.38  	29.623  	1.441  	0.025  	0.043  	0.404
1  	55.843  	31.334  	150.768  	238.108  	16.131  	1.15  	NA  	0.069
1  	79.632  	39.855  	18.255  	61.566  	88.411  	3.277  	0.082  	0.043
1  	21.681  	36.749  	11.844  	1.294  	9.203  	7.212  	0.648  	0.092
1  	56.92  	15.874  	9.418  	2.831  	0.807  	1.282  	0.771  	0.034
1  	24.08  	35.241  	6.789  	4.134  	0.684  	0.083  	0.802  	0.288
1  	293.996  	26.252  	22.997  	1.634  	0.752  	0.058  	0.06  	0.329
1  	312.87  	185.453  	12.417  	8.04  	0.846  	0.218  	0.009  	0.325
1  	352.236  	174.452  	72.708  	5.104  	1.682  	0.119  	0.104  	0.217
1  	173.132  	100.516  	77.021  	51.281  	7.409  	0.912  	0.133  	0.228
1  	317.889  	141.058  	50.664  	61.191  	10.082  	0.249  	0.08  	0.009
1  	78.798  	130.76  	46.048  	20.874  	16.208  	3.184  	0.094  	0.265
1  	443.266  	81.784  	84.667  	26.279  	5.411  	2.197  	1.376  	0.896
1  	1591.031  	583.606  	53.079  	54.732  	6.794  	10.248  	0.23  	0.167
1  	1230.426  	751.012  	368.33  	25.414  	12.437  	0.851  	0.09  	0.363
1  	102.451  	510.449  	443.759  	139.316  	7.988  	1.016  	0.386  	0.574
1  	52.883  	123.634  	469.482  	290.036  	65.236  	1.416  	1.121  	0.184
1  	316.077  	28.785  	74.714  	267.945  	154.601  	24.766  	3.115  	0.391
1  	57.444  	143.984  	22.019  	33.624  	191.145  	69.385  	6.114  	0.076
1  	381.173  	32.729  	104.397  	23.257  	50.035  	97.536  	38.692  	2.425
1  	30.615  	187.035  	43.601  	39.44  	14.668  	18.735  	30.744  	10.2
1  	163.385  	34.342  	115.597  	22.406  	41.948  	12.437  	32.396  	33.161
1  	134.9  	105.5  	7.553  	55.338  	9.692  	15.6  	2.527  	23.861
1  	336.307  	86.656  	65.764  	7.771  	15.59  	3.621  	2.564  	11.931
1  	1075.552  	187.224  	49.399  	16.996  	4.038  	2.948  	0.736  	1.91
1  	424.225  	586.985  	99.123  	22.08  	6.057  	2.605  	1.042  	2.827
1  	111.35  	176.57  	265.49  	19.32  	3.57  	0.68  	0.19  	0.72
1  	12.226  	86.54  	121.699  	113.566  	9.099  	0.617  	0.113  	0.44
1  	82.055  	8.058  	50.201  	49.022  	33.313  	2.168  	0.096  	0.318
1  	346.712  	40.855  	3.345  	15.762  	12.595  	7.724  	0.355  	0.119
FLT007:Eco-NoRu-Q3(Btr)
2004 2023
1 1 0.7 0.7
3 9
1  	123.368  	70.303  	69.118  	31.482  	2.989  	1.721  	0.22
1  	324.56  	89.531  	30.44  	32.246  	15.035  	0.472  	1.116
1  	107.467  	124.64  	41.597  	18.98  	17.482  	7.289  	1.384
1  	1282.94  	88.498  	90.369  	19.227  	5.881  	7.102  	3.209
1  	1154.869  	405.999  	43.133  	35.517  	4.94  	2.514  	2.539
1  	650.742  	619.088  	305.883  	21.045  	6.549  	0.87  	0.576
1  	184.001  	865.318  	666.439  	147.72  	15.84  	2.73  	0.589
1  	40.446  	73.802  	392.93  	301.368  	37.357  	2.972  	0.514
1  	92.468  	20.348  	67.607  	214.052  	152.03  	12.739  	2.003
1  	25.779  	65.228  	19.575  	50.846  	150.131  	76.427  	7.561
1  	261.631  	40.768  	70.161  	25.781  	60.452  	85.771  	19.646
1  	42.148  	213.636  	25.132  	37.111  	20.577  	47.868  	42.903
1  	209.303  	34.43  	184.09  	47.965  	56.787  	40.367  	125.907
1  	70.313  	70.306  	11.47  	20.537  	3.963  	4.025  	15.265
1  	NA  	NA  	NA  	NA  	NA  	NA  	NA
1  	896.982  	160.736  	38.067  	15.133  	5.303  	5.037  	11.56
1  	204.059  	341.372  	58.813  	4.918  	1.959  	0.802  	1.483
1  	129.533  	345.768  	330.627  	32.25  	5.446  	0.885  	1.41
1  	NA  	NA  	NA  	NA  	NA  	NA  	NA
1  	182.62  	13.345  	37.289  	36.344  	12.06  	0.456  	0.341
